172.429581
2414.624512
1498.153687
9663.685547
5377.971680
3223.975342
2858.363525
5019.684570
8600.726563
2892.544434
4221.625488
4684.286133
3751.640381
8773.460938
1269.569946
3397.015381
6266.670898
599.383545
1681.264648
2480.239258
4097.720215
3758.049316
6566.362305
1793.572754
3100.375488
9378.948242
1446.882568
3036.286621
8377.941406
6551.713379
855.128662
2208.319336
8144.474609
6986.602539
5602.587891
4047.059570
1669.972778
7427.289551
6791.894043
6245.612793
7873.165039
130.008850
5627.002930
6271.248535
6114.078125
6723.837891
3087.557617
8592.486328
5764.946289
5757.927246
8528.092773
5130.771973
6106.753906
9258.705078
1266.518188
6744.895996
3122.043457
8597.369141
4224.066895
8564.409180
4747.154297
4991.302246
3675.649170
6983.550293
1139.561157
4943.998535
4179.204590
1127.048584
1532.334351
5939.207031
2740.867432
6601.764160
4227.729004
2702.108887
1282.998169
4344.310059
1302.530029
9340.189453
1474.349243
2381.359375
4580.217773
7672.353516
985.747864
3310.953125
4435.865234
7066.866211
5234.534668
5319.070801
7996.154785
6090.579102
3679.921875
9544.664063
8294.320313
1291.238159
4731.895020
1603.137329
948.515259
3418.378174
8333.994141
85.757011
9918.820313
6398.815918
287.179169
9840.388672
8908.047852
9380.474609
7373.882324
2851.344238
9974.364258
7151.707520
7341.227539
4531.998535
5908.383301
9255.348633
2816.858398
8234.503906
7945.799316
3103.427246
3208.410889
5800.653320
5370.952637
1412.396606
3654.591553
6956.389160
8582.720703
9262.977539
5089.876953
5366.984863
2172.917969
1103.244141
4485.305176
4168.218262
9595.019531
3008.209473
9327.066406
8776.512695
5968.504883
499.588013
5395.672363
9803.155273
597.857605
7251.502930
1910.458740
3874.629883
5757.622070
4981.536133
3096.102783
5177.160156
3307.901123
9851.679688
240.180664
5535.447266
5708.792480
5678.273926
3301.187256
5840.937500
2987.151611
9279.458008
6129.642578
6636.860352
2227.240723
8255.867188
4364.146973
680.562744
1139.561157
6531.266113
66.225166
5287.331543
2276.680908
7956.785645
2157.963867
7271.645020
9455.854492
3293.557617
6718.649902
8302.560547
2948.698486
889.309387
6210.516602
3477.279053
5008.087402
6356.089844
1692.861694
932.340454
2283.089600
1566.209961
7085.177246
5302.285645
6696.676758
8276.620117
9543.137695
2836.695557
1338.541870
6693.929688
5014.190918
993.377502
2944.120605
4294.564453
3026.520508
312.814728
7513.657227
5211.035645
9782.708008
1392.559570
641.499084
5495.772949
3613.391602
4771.263672
9115.268555
4578.386719
1860.103149
6535.843750
5343.180664
8225.654297
3243.201904
7462.690918
1180.455933
3317.362061
4783.776367
8507.034180
2710.959229
9753.715820
7334.513184
453.810242
2546.769531
9799.493164
8791.162109
538.651672
1212.195190
187.383652
9039.582031
3856.013672
4171.270020
7284.768066
5702.993652
2363.658447
6062.807129
637.531677
4755.394043
9298.990234
8702.658203
5211.340820
5056.611816
1816.156494
4422.742188
7629.932617
879.848633
9659.718750
1299.783325
6734.519531
1487.472168
2684.103027
1843.317993
3770.866943
1820.429077
5037.385254
1703.238037
2515.945801
3363.444824
8810.999023
9959.715820
4661.702148
9250.160156
4981.230957
7555.162109
761.742004
2666.096924
4445.020996
5437.788086
2061.220215
2617.877686
6966.154785
8969.695313
3512.985596
6125.064941
844.141968
169.682907
3302.102783
904.263428
1119.418945
4352.549805
9183.934570
7599.719238
9125.644531
2718.894043
6952.421875
5630.665039
1198.767090
7473.067383
1350.138916
1712.088379
9367.045898
1014.740417
4730.979492
5116.428223
1815.851318
5782.646973
3790.093750
8731.345703
5959.349121
6298.715332
9672.231445
9986.572266
1915.341675
9986.572266
1771.599487
702.536072
9208.349609
8319.040039
537.736145
9929.807617
4501.479980
4862.514160
9593.188477
8835.414063
3184.301270
1776.177246
2483.901367
1706.900269
2612.689697
1332.743286
4370.555664
2130.802246
9826.655273
4019.592773
3972.289307
8407.849609
1550.035156
9784.234375
6078.371582
7269.203613
9292.275391
3989.989990
9936.827148
9959.410156
7353.435059
4636.677246
3836.787109
9739.066406
6559.038086
2417.371094
1194.799683
4882.961426
1526.230713
166.020691
8453.322266
6222.113770
4277.779297
3265.480469
113.834038
3303.933838
2016.052734
7572.862793
1208.532959
8225.654297
1872.005371
6426.893066
2524.796387
1207.007080
436.414673
3302.407959
8898.892578
6964.934082
890.835266
1667.836548
5885.189453
5946.836914
5547.044434
8616.595703
5121.616211
9496.444336
6610.309082
3825.189941
3693.350098
3002.410889
2977.996094
412.305054
7817.621582
6100.649902
5884.579102
9249.855469
6154.057617
3988.158936
1207.922607
3294.167969
3058.259766
8914.457031
1247.901855
3503.219727
7090.365234
5909.604004
3789.788574
2892.239258
5085.909668
1814.325439
1265.907715
302.133240
7109.896973
1672.414307
7827.692383
433.362823
2600.482178
1549.424683
7137.668945
1714.529907
3016.449463
1839.655762
8702.658203
8562.883789
1301.614380
123.294777
5546.434082
9604.480469
3476.973877
7639.393066
1050.141968
8412.426758
2675.862793
8428.601563
7761.467285
8326.975586
932.645630
5222.632324
5987.426270
7921.689453
9036.530273
1127.048584
4990.386719
8674.276367
9765.312500
1171.605591
4587.847656
1409.039551
4811.548340
2785.424316
9979.857422
3070.467285
709.555359
9258.400391
7608.569824
391.247284
4083.681641
5256.203125
4866.786621
2017.273438
1519.211426
8449.049805
1467.329956
5653.553711
4380.321777
6311.227539
5282.143555
1789.300171
3878.902588
2165.898682
469.374664
570.390930
6710.409668
9524.521484
698.873840
3378.398926
6569.109375
8793.297852
5283.364258
5676.137695
1854.304688
5403.912598
1037.018921
2690.206543
4880.825195
3434.247803
7667.165039
4484.084473
2904.751709
3776.665527
9512.924805
1989.501587
6279.488281
921.658997
1445.966919
557.878357
4052.858154
7418.744629
1741.996460
2594.073242
2317.575684
72.023682
9738.456055
5832.087402
5629.139160
6940.519531
1089.510742
8821.680664
6800.744629
9196.752930
8432.264648
180.669571
5392.315430
6917.630371
273.140656
3183.996094
200.201416
2857.142822
5912.351074
2240.363770
6067.689941
3274.941162
9213.538086
2833.338379
318.308044
9874.569336
9035.615234
1477.401001
9137.242188
1919.309082
9136.021484
7256.996582
9201.025391
2586.443604
5359.050293
1510.666260
4877.468262
8621.784180
2922.452393
7222.510254
6302.682617
7355.876465
1615.039551
4681.234375
8649.861328
150.151062
1713.919434
4973.601563
7901.242188
6327.402344
8440.199219
7871.333984
3438.215332
6653.950684
7759.941406
5674.611816
2759.483643
436.414673
1347.697388
9576.708008
8639.790039
5294.045898
3520.615234
106.814781
4042.786865
3666.493652
7958.616699
8225.043945
5102.389648
5127.414551
7020.783203
8613.543945
7479.781250
8556.474609
1475.264771
1748.100220
6414.685547
3240.150146
3447.981201
6294.137207
5778.374512
2959.379883
408.948029
8401.135742
6444.898926
2128.971191
3006.073242
9451.582031
9289.223633
8050.172363
4556.718750
8832.056641
3129.367920
8336.130859
5016.327637
3285.012451
2920.010986
7582.018555
7227.393555
9404.278320
8513.443359
2328.867432
8269.600586
838.343445
9299.294922
8396.251953
3717.764893
6765.038086
5037.080078
9636.219727
7625.965332
3193.151611
8190.252441
2179.021484
6040.833984
3665.578125
8077.944336
3228.248047
6868.800781
913.724182
2155.827393
8469.191406
3899.960205
6033.814453
4737.693359
7151.707520
7804.803711
6744.895996
8471.632813
8915.677734
1917.477905
1291.543335
8882.107422
1410.565552
5616.016113
9554.429688
7290.566895
2786.034668
3111.056885
7927.182617
2429.578613
8101.138184
460.829498
9530.320313
6057.008789
3725.089355
8618.732422
6314.584961
2891.018311
8791.772461
5327.005859
4625.385254
170.293289
7760.551758
3675.954346
783.715332
7158.421387
3159.276123
130.619217
8252.509766
9899.593750
2562.028809
9844.661133
2942.289551
1543.015869
8869.289063
2070.986084
8230.231445
3546.555908
7949.461426
3485.519043
6243.476563
8067.262695
2709.128174
2229.377197
6978.057129
6861.781738
7649.159180
488.601349
1808.832031
6999.725098
2972.197754
8422.193359
2960.905762
8706.320313
2304.147461
7247.230469
5496.688965
5647.450195
3089.693848
4301.278809
3386.333740
2967.314697
3729.361816
7885.372559
6223.944824
3393.658203
6513.260254
4707.174805
8147.831543
6721.701660
421.155426
7734.610840
5534.836914
2987.456787
2847.682129
7269.508789
5020.905273
4649.800293
4314.707031
3059.785645
8422.803711
8082.216797
5235.450195
257.881409
6109.195313
9700.002930
8791.466797
7037.568359
5399.334473
7024.140137
8986.785156
6685.995117
5537.888672
2.136296
7937.253906
1979.735718
5816.217773
2893.154785
1464.583252
4659.565918
8401.746094
2033.143066
7050.081055
7813.043457
2433.851074
9791.252930
3216.650879
3981.750000
956.755249
28.687399
4398.022461
6803.491211
7242.042480
5379.192383
358.592499
9001.739258
2070.070557
1649.220215
4227.118652
4534.134766
8531.449219
9669.790039
8205.816406
7716.910156
5910.824707
9893.490234
1018.097473
7130.955078
9212.622070
63.478500
6157.414551
7126.376953
5898.007324
1261.024780
4996.490234
4739.829590
6386.913574
2639.545898
3828.241943
4830.164551
9895.626953
169.377731
8888.210938
1252.784790
2166.203857
9693.899414
8432.569336
6881.313477
6656.697266
9616.077148
5927.915039
285.653259
5745.109375
3527.939697
3415.631592
1888.790527
3520.615234
8091.982910
9117.709961
7402.875000
6717.734375
6489.456055
8338.267578
1367.229248
5356.303711
2747.276123
1733.756470
8594.927734
9652.088867
7259.132813
6.714072
6339.915039
4759.056152
8804.895508
9085.970703
5004.730469
9906.918945
3392.132324
4859.767578
189.214752
3494.674561
5223.242676
1522.873657
3904.843262
704.367188
105.288857
2597.430420
7759.025879
5196.386719
6612.750488
8692.586914
5923.947754
1449.323975
5317.239746
1065.706299
705.587952
9308.450195
1397.137329
5047.456055
8521.683594
7300.027344
936.613037
2389.904541
9100.314453
6282.540527
6230.048340
6605.426270
5717.337402
9987.487305
401.928772
355.845825
9279.152344
4022.034424
6657.307617
8954.741211
4065.675781
9887.081055
2470.473389
9044.465820
7946.714844
5579.394043
4031.800293
6513.260254
4883.266602
9338.358398
1256.752197
2712.179932
2526.017090
8098.696777
8677.632813
3035.676025
2725.302979
7214.575684
2522.354736
6927.091309
7761.162109
3012.787354
9303.262695
3372.905762
111.697746
4744.712891
6214.483887
948.515259
8567.460938
7489.242188
8666.646484
6477.248535
8504.592773
2582.171143
5255.287109
1362.041138
9134.495117
7122.714844
5488.753906
9662.160156
5533.921387
9126.254883
580.156860
6961.271973
8276.924805
9883.418945
2618.182861
4109.317383
8474.379883
90.639977
2428.968262
4880.520020
1036.408569
1310.464844
1444.135864
1626.941772
3971.983887
9327.372070
7882.625977
7978.454102
6533.097168
958.891541
2561.723633
2657.246582
4021.424072
891.750854
4652.852051
3469.649414
2066.408203
92.776268
2685.018555
5534.226563
8190.557617
2368.541504
1121.860352
2809.533936
3468.123535
632.038330
7811.822754
6991.180176
2099.062988
9437.848633
2631.611084
2825.098389
1702.017334
5348.063477
2636.799316
3918.881836
2144.230469
1696.523926
4022.034424
8097.781250
5717.947754
9307.229492
6217.230957
6374.706055
6477.553711
9731.131836
8420.056641
4597.918457
1550.035156
2568.132568
3885.006348
1836.909058
2230.292725
3433.332275
2278.817139
4566.484375
7672.353516
4126.712891
5412.762695
716.574585
8992.889648
1575.365479
6667.989258
2647.785889
6596.575684
7109.591797
9425.947266
3112.887939
8537.248047
2626.728027
4810.937988
3272.194580
2725.302979
5221.411621
4068.117432
6820.886719
797.143494
6826.075195
5875.118164
9290.444336
6455.274902
440.076904
3914.914307
6590.777344
6093.936035
9501.022461
5010.223633
1853.083862
4524.979492
1960.814209
3138.218262
4634.541016
3610.644775
5637.989258
9638.050781
1548.203979
6620.075195
6392.712402
4919.278320
2384.411133
6121.708008
5704.520020
1990.417236
779.747925
8222.907227
9202.551758
7113.559570
3500.473145
967.741943
2717.062988
7900.326660
7402.264648
9713.736328
7412.335449
4164.555664
8127.689453
7283.242188
